00000000000000000000000000000000
00000000000000000000000000000000
00000000000000000000000000000000
00000000000011111111100000000000
00000000011111111111110000000000
00000000111110000001110000000000
00000011111000000000111000000000
00000011100000000000111000000000
00000111000000000000111000000000
00000111000000000000111000000000
00000011000000000001110000000000
00000000000000000011110000000000
00000000000000000111000000000000
00000000000001111111000000000000
00000000000011111111100000000000
00000000000111111011110000000000
00000000000111110000111000000000
00000000000110000000111000000000
00000000000000000000011100000000
00000000000000000000011100000000
00000000000000000000011100000000
00000000000000000000011000000000
00000000000000000000111000000000
00000000000000000000111000000000
00000000000000000011110000000000
00000000000000001111100000000000
00000011111111111111000000000000
00000011111111111110000000000000
00000000010110000000000000000000
00000000000000000000000000000000
00000000000000000000000000000000
00000000000000000000000000000000
