00000000000000000000000000000000
00000000000000000000000000000000
00000000000000000000000000000000
00000000000000000000000000000000
00000000000000000000000000000000
00000000000000000000000000000000
00000000000011111000000000000000
00000000001111111100000000000000
00000000011000000110000000000000
00000000010000000011000000000000
00000000000000000011000000000000
00000000000000000011000000000000
00000000000000000110000000000000
00000000000000001100000000000000
00000000000001110000000000000000
00000000000111000000000000000000
00000000011111111000000000000000
00000000010000001100000000000000
00000000000000000110000000000000
00000000000000000011000000000000
00000000000000000011000000000000
00000000000000000011000000000000
00000000000000000110000000000000
00000000000000011100000000000000
00000000110000110000000000000000
00000000111111100000000000000000
00000000000000000000000000000000
00000000000000000000000000000000
00000000000000000000000000000000
00000000000000000000000000000000
00000000000000000000000000000000
00000000000000000000000000000000
